0 0
1 0
2 0
3 0
4 0
5 1
6 0
7 0
8 0
9 0
10 0
11 1
12 2
13 1
14 1
15 0
16 2
17 0
18 0
19 0
20 0
21 0
22 1
23 1
24 1
25 0
26 0
27 0
28 0
29 0
30 1
31 0
32 0
33 0
34 0
35 0
36 1
37 0
38 0
39 1
40 0
41 0
42 1
43 0
44 0
45 2
46 0
47 0
48 1
49 1
50 1
51 2
52 1
53 1
54 1
55 1
56 2
57 2
58 0
59 0
60 1
61 1
62 0
63 1
64 0
65 1
66 2
67 1
68 2
69 0
70 0
71 0
72 0
73 1
74 0
75 0
76 0
77 0
78 1
79 1
80 0
81 0
82 0
83 0
84 0
85 0
86 1
87 1
88 1
89 0
90 1
91 1
92 0
93 1
94 0
95 1
96 1
97 3
98 5
99 5
100 5
101 4
102 3
103 3
104 5
105 2
106 1
107 3
108 1
109 1
110 2
111 4
112 4
113 3
114 1
115 2
116 1
117 3
118 2
119 3
120 1
121 3
122 1
123 3
124 2
125 1
126 0
127 0
128 0
129 1
130 1
131 2
132 5
133 1
134 2
135 0
136 2
137 3
138 1
139 0
140 1
141 0
142 3
143 1
144 3
145 3
146 6
147 3
148 3
149 4
150 2
151 5
152 0
153 1
154 2
155 2
156 2
157 1
158 1
159 3
160 0
161 2
162 1
163 0
164 0
165 0
166 1
167 1
168 1
169 2
170 2
171 0
172 1
173 5
174 4
175 6
176 2
177 1
178 3
179 4
180 2
181 4
182 2
183 2
184 1
185 2
186 2
187 1
188 2
189 3
190 0
191 0
192 1
193 1
194 1
195 2
196 0
197 2
198 1
199 1
200 1
201 4
202 4
203 5
204 3
205 5
206 6
207 8
208 4
209 5
210 3
211 6
212 5
213 8
214 6
215 9
216 7
217 8
218 1
219 9
220 5
221 10
222 7
223 6
224 0
225 2
226 3
227 9
228 3
229 3
230 2
231 1
232 4
233 3
234 3
235 2
236 2
237 4
238 4
239 4
240 4
241 5
242 0
243 3
244 4
245 10
246 6
247 12
248 8
249 14
250 6
251 5
252 11
253 11
254 9
255 10
256 7
257 6
258 3
259 11
260 9
261 10
262 7
263 4
264 7
265 10
266 13
267 10
268 8
269 7
270 10
271 6
272 6
273 8
274 9
275 5
276 7
277 7
278 6
279 6
280 5
281 4
282 7
283 10
284 11
285 4
286 10
287 6
288 12
289 7
290 7
291 8
292 7
293 8
294 7
295 11
296 5
297 8
298 7
299 15
300 7
301 10
302 9
303 8
304 6
305 11
306 14
307 14
308 15
309 10
310 11
311 11
312 16
313 10
314 17
315 15
316 18
317 13
318 14
319 11
320 15
321 14
322 13
323 10
324 15
325 12
326 10
327 19
328 18
329 17
330 23
331 15
332 17
333 13
334 15
335 14
336 16
337 12
338 17
339 14
340 12
341 18
342 9
343 12
344 15
345 13
346 19
347 12
348 12
349 14
350 20
351 21
352 14
353 15
354 15
355 15
356 24
357 13
358 22
359 26
360 22
361 23
362 26
363 19
364 25
365 23
366 24
367 14
368 16
369 19
370 26
371 29
372 24
373 20
374 31
375 21
376 20
377 28
378 26
379 24
380 28
381 21
382 33
383 24
384 22
385 18
386 30
387 16
388 17
389 16
390 24
391 18
392 24
393 25
394 22
395 22
396 18
397 22
398 22
399 28
400 13
401 22
402 26
403 18
404 33
405 24
406 27
407 23
408 23
409 19
410 29
411 27
412 33
413 19
414 39
415 34
416 44
417 33
418 41
419 32
420 39
421 27
422 49
423 35
424 47
425 49
426 50
427 49
428 43
429 36
430 43
431 41
432 38
433 41
434 50
435 38
436 40
437 46
438 41
439 45
440 48
441 37
442 37
443 34
444 48
445 38
446 38
447 39
448 42
449 29
450 41
451 39
452 32
453 37
454 48
455 42
456 51
457 36
458 53
459 40
460 37
461 51
462 43
463 33
464 51
465 29
466 46
467 36
468 50
469 51
470 62
471 57
472 55
473 51
474 56
475 48
476 63
477 61
478 61
479 55
480 54
481 60
482 40
483 56
484 66
485 60
486 46
487 45
488 64
489 50
490 58
491 51
492 46
493 44
494 52
495 39
496 46
497 46
498 59
499 50
500 57
501 37
502 38
503 53
504 43
505 48
506 39
507 37
508 33
509 49
510 43
511 42
512 36
513 45
514 39
515 48
516 46
517 52
518 45
519 45
520 44
521 42
522 48
523 41
524 42
525 53
526 46
527 58
528 53
529 64
530 56
531 48
532 71
533 54
534 65
535 67
536 69
537 73
538 54
539 45
540 63
541 58
542 59
543 63
544 45
545 58
546 51
547 45
548 62
549 56
550 46
551 48
552 56
553 56
554 66
555 61
556 53
557 58
558 49
559 50
560 48
561 53
562 54
563 44
564 55
565 49
566 40
567 43
568 46
569 60
570 62
571 67
572 55
573 57
574 44
575 70
576 71
577 52
578 58
579 64
580 59
581 73
582 69
583 68
584 64
585 65
586 62
587 67
588 66
589 67
590 64
591 72
592 62
593 52
594 58
595 57
596 80
597 54
598 72
599 74
600 55
601 65
602 55
603 60
604 48
605 64
606 45
607 56
608 35
609 49
610 45
611 37
612 50
613 45
614 61
615 62
616 53
617 67
618 50
619 60
620 51
621 54
622 56
623 58
624 58
625 64
626 63
627 64
628 59
629 56
630 69
631 59
632 75
633 64
634 56
635 74
636 57
637 68
638 73
639 80
640 61
641 64
642 65
643 70
644 67
645 64
646 63
647 92
648 74
649 84
650 73
651 67
652 55
653 75
654 60
655 72
656 54
657 78
658 68
659 72
660 66
661 67
662 52
663 65
664 54
665 65
666 58
667 72
668 59
669 59
670 51
671 59
672 56
673 58
674 51
675 52
676 68
677 52
678 55
679 64
680 54
681 51
682 52
683 60
684 62
685 62
686 71
687 67
688 65
689 52
690 49
691 79
692 58
693 86
694 66
695 87
696 51
697 65
698 49
699 77
700 56
701 71
702 62
703 71
704 58
705 59
706 64
707 56
708 51
709 62
710 51
711 63
712 64
713 71
714 79
715 50
716 70
717 46
718 54
719 52
720 49
721 39
722 48
723 45
724 44
725 55
726 73
727 62
728 56
729 67
730 75
731 70
732 53
733 69
734 58
735 72
736 60
737 64
738 60
739 64
740 71
741 79
742 77
743 82
744 86
745 77
746 73
747 77
748 81
749 76
750 89
751 86
752 71
753 77
754 89
755 82
756 75
757 77
758 77
759 79
760 81
761 56
762 73
763 70
764 77
765 75
766 59
767 54
768 78
769 61
770 70
771 76
772 68
773 52
774 64
775 67
776 54
777 64
778 51
779 59
780 60
781 57
782 65
783 43
784 51
785 48
786 65
787 45
788 70
789 66
790 57
791 51
792 53
793 65
794 60
795 74
796 55
797 76
798 54
799 65
800 69
801 70
802 69
803 72
804 68
805 66
806 67
807 69
808 75
809 71
810 55
811 63
812 54
813 55
814 54
815 47
816 57
817 51
818 62
819 43
820 53
821 53
822 66
823 54
824 37
825 56
826 53
827 53
828 55
829 52
830 54
831 55
832 57
833 56
834 55
835 49
836 51
837 55
838 56
839 66
840 52
841 68
842 66
843 72
844 53
845 52
846 57
847 58
848 67
849 64
850 64
851 68
852 64
853 66
854 55
855 68
856 78
857 63
858 55
859 71
860 74
861 81
862 52
863 64
864 69
865 54
866 60
867 71
868 68
869 68
870 72
871 60
872 77
873 57
874 68
875 59
876 62
877 57
878 51
879 71
880 48
881 58
882 57
883 58
884 61
885 66
886 56
887 57
888 52
889 46
890 46
891 42
892 57
893 57
894 55
895 57
896 49
897 61
898 42
899 52
900 51
901 50
902 52
903 54
904 53
905 54
906 53
907 51
908 51
909 57
910 55
911 56
912 50
913 59
914 54
915 51
916 60
917 48
918 49
919 53
920 44
921 58
922 45
923 53
924 37
925 52
926 40
927 41
928 49
929 50
930 49
931 35
932 49
933 45
934 40
935 48
936 45
937 33
938 46
939 50
940 34
941 46
942 48
943 45
944 42
945 50
946 42
947 44
948 40
949 39
950 41
951 45
952 41
953 50
954 55
955 44
956 50
957 52
958 55
959 61
960 54
961 52
962 44
963 58
964 49
965 51
966 68
967 54
968 60
969 54
970 55
971 49
972 57
973 73
974 64
975 41
976 46
977 61
978 44
979 51
980 43
981 52
982 51
983 47
984 59
985 46
986 46
987 41
988 43
989 49
990 39
991 45
992 34
993 51
994 38
995 36
996 38
997 36
998 42
999 41
1000 41
1001 48
1002 29
1003 40
1004 41
1005 54
1006 41
1007 47
1008 32
1009 37
1010 42
1011 38
1012 36
1013 57
1014 27
1015 44
1016 23
1017 44
1018 47
1019 35
1020 28
1021 33
1022 32
1023 33
1024 31
1025 36
1026 36
1027 38
1028 48
1029 37
1030 37
1031 36
1032 47
1033 27
1034 20
1035 27
1036 30
1037 33
1038 35
1039 30
1040 25
1041 30
1042 34
1043 30
1044 24
1045 30
1046 20
1047 33
1048 33
1049 40
1050 35
1051 30
1052 39
1053 45
1054 21
1055 33
1056 33
1057 25
1058 27
1059 29
1060 32
1061 40
1062 33
1063 25
1064 42
1065 31
1066 27
1067 30
1068 44
1069 36
1070 29
1071 37
1072 36
1073 33
1074 41
1075 25
1076 36
1077 31
1078 34
1079 40
1080 32
1081 37
1082 36
1083 43
1084 40
1085 41
1086 30
1087 43
1088 42
1089 45
1090 29
1091 33
1092 35
1093 46
1094 38
1095 38
1096 46
1097 38
1098 27
1099 32
1100 28
1101 32
1102 37
1103 29
1104 28
1105 29
1106 30
1107 29
1108 27
1109 29
1110 23
1111 28
1112 31
1113 25
1114 22
1115 25
1116 22
1117 21
1118 29
1119 21
1120 28
1121 30
1122 29
1123 37
1124 26
1125 31
1126 36
1127 31
1128 25
1129 25
1130 25
1131 26
1132 26
1133 29
1134 22
1135 33
1136 28
1137 24
1138 32
1139 21
1140 24
1141 26
1142 25
1143 26
1144 16
1145 17
1146 24
1147 18
1148 19
1149 13
1150 18
1151 23
1152 26
1153 21
1154 18
1155 32
1156 30
1157 26
1158 24
1159 18
1160 21
1161 17
1162 20
1163 17
1164 21
1165 18
1166 17
1167 18
1168 23
1169 22
1170 22
1171 22
1172 22
1173 25
1174 13
1175 16
1176 17
1177 24
1178 15
1179 21
1180 25
1181 23
1182 18
1183 25
1184 31
1185 20
1186 27
1187 28
1188 21
1189 25
1190 31
1191 21
1192 14
1193 20
1194 26
1195 22
1196 30
1197 24
1198 22
1199 27
1200 23
1201 19
1202 30
1203 12
1204 19
1205 18
1206 22
1207 16
1208 22
1209 15
1210 22
1211 21
1212 19
1213 15
1214 14
1215 18
1216 20
1217 21
1218 19
1219 17
1220 10
1221 17
1222 20
1223 8
1224 17
1225 23
1226 19
1227 16
1228 17
1229 17
1230 18
1231 19
1232 15
1233 20
1234 12
1235 15
1236 10
1237 21
1238 16
1239 16
1240 21
1241 15
1242 16
1243 22
1244 20
1245 12
1246 15
1247 9
1248 20
1249 10
1250 27
1251 10
1252 25
1253 11
1254 14
1255 14
1256 21
1257 15
1258 8
1259 12
1260 14
1261 13
1262 9
1263 11
1264 11
1265 16
1266 8
1267 14
1268 14
1269 15
1270 15
1271 12
1272 17
1273 23
1274 17
1275 16
1276 13
1277 11
1278 11
1279 10
1280 10
1281 12
1282 15
1283 18
1284 13
1285 11
1286 20
1287 11
1288 18
1289 14
1290 9
1291 26
1292 13
1293 16
1294 15
1295 12
1296 12
1297 15
1298 10
1299 10
1300 14
1301 18
1302 18
1303 15
1304 12
1305 8
1306 16
1307 12
1308 9
1309 11
1310 9
1311 10
1312 4
1313 7
1314 15
1315 11
1316 10
1317 9
1318 10
1319 15
1320 16
1321 8
1322 7
1323 9
1324 4
1325 9
1326 10
1327 18
1328 11
1329 12
1330 8
1331 16
1332 13
1333 19
1334 13
1335 8
1336 9
1337 11
1338 4
1339 7
1340 11
1341 11
1342 5
1343 6
1344 4
1345 7
1346 8
1347 6
1348 7
1349 10
1350 9
1351 12
1352 13
1353 12
1354 13
1355 6
1356 15
1357 4
1358 9
1359 11
1360 5
1361 11
1362 3
1363 8
1364 5
1365 4
1366 11
1367 7
1368 5
1369 9
1370 5
1371 10
1372 5
1373 10
1374 10
1375 9
1376 7
1377 10
1378 8
1379 8
1380 8
1381 9
1382 8
1383 8
1384 13
1385 10
1386 4
1387 8
1388 12
1389 3
1390 8
1391 9
1392 4
1393 13
1394 9
1395 14
1396 10
1397 11
1398 7
1399 12
1400 10
1401 3
1402 5
1403 3
1404 8
1405 15
1406 13
1407 5
1408 9
1409 6
1410 5
1411 8
1412 8
1413 6
1414 3
1415 8
1416 8
1417 6
1418 6
1419 5
1420 6
1421 1
1422 4
1423 4
1424 5
1425 4
1426 2
1427 8
1428 10
1429 9
1430 7
1431 11
1432 3
1433 7
1434 4
1435 4
1436 5
1437 5
1438 3
1439 15
1440 7
1441 8
1442 7
1443 1
1444 7
1445 7
1446 3
1447 5
1448 4
1449 5
1450 8
1451 10
1452 9
1453 5
1454 6
1455 5
1456 3
1457 6
1458 8
1459 6
1460 2
1461 4
1462 2
1463 1
1464 7
1465 4
1466 5
1467 2
1468 8
1469 7
1470 1
1471 4
1472 6
1473 2
1474 3
1475 6
1476 3
1477 5
1478 2
1479 2
1480 2
1481 4
1482 5
1483 1
1484 4
1485 6
1486 7
1487 1
1488 7
1489 6
1490 1
1491 4
1492 5
1493 6
1494 3
1495 8
1496 8
1497 2
1498 8
1499 3
1500 6
1501 4
1502 0
1503 6
1504 4
1505 4
1506 2
1507 2
1508 5
1509 8
1510 7
1511 4
1512 5
1513 3
1514 4
1515 3
1516 4
1517 1
1518 2
1519 7
1520 0
1521 3
1522 0
1523 2
1524 3
1525 7
1526 4
1527 4
1528 6
1529 3
1530 3
1531 6
1532 2
1533 4
1534 1
1535 5
1536 6
1537 4
1538 2
1539 8
1540 2
1541 3
1542 1
1543 4
1544 4
1545 1
1546 2
1547 3
1548 3
1549 4
1550 4
1551 3
1552 3
1553 2
1554 5
1555 4
1556 2
1557 2
1558 1
1559 3
1560 2
1561 4
1562 1
1563 6
1564 0
1565 3
1566 3
1567 4
1568 4
1569 2
1570 4
1571 1
1572 3
1573 3
1574 7
1575 1
1576 1
1577 3
1578 2
1579 3
1580 4
1581 2
1582 6
1583 1
1584 2
1585 3
1586 1
1587 1
1588 0
1589 0
1590 2
1591 1
1592 2
1593 2
1594 4
1595 2
1596 4
1597 3
1598 1
1599 2
1600 1
1601 2
1602 5
1603 2
1604 1
1605 5
1606 0
1607 3
1608 2
1609 3
1610 3
1611 2
1612 1
1613 3
1614 1
1615 3
1616 1
1617 3
1618 1
1619 2
1620 0
1621 5
1622 2
1623 0
1624 4
1625 2
1626 0
1627 3
1628 3
1629 2
1630 0
1631 3
1632 1
1633 4
1634 6
1635 1
1636 3
1637 3
1638 0
1639 1
1640 1
1641 0
1642 1
1643 2
1644 1
1645 0
1646 2
1647 2
1648 0
1649 1
1650 3
1651 2
1652 4
1653 0
1654 2
1655 0
1656 0
1657 0
1658 0
1659 0
1660 1
1661 2
1662 3
1663 1
1664 3
1665 3
1666 1
1667 1
1668 3
1669 1
1670 0
1671 1
1672 2
1673 2
1674 1
1675 2
1676 0
1677 1
1678 2
1679 1
1680 0
1681 3
1682 2
1683 3
1684 2
1685 2
1686 2
1687 3
1688 1
1689 2
1690 0
1691 1
1692 3
1693 2
1694 3
1695 2
1696 1
1697 1
1698 2
1699 1
1700 2
1701 0
1702 1
1703 2
1704 0
1705 2
1706 3
1707 1
1708 0
1709 1
1710 1
1711 0
1712 2
1713 0
1714 2
1715 0
1716 0
1717 2
1718 4
1719 0
1720 0
1721 1
1722 0
1723 1
1724 0
1725 0
1726 0
1727 3
1728 0
1729 1
1730 1
1731 1
1732 1
1733 2
1734 2
1735 0
1736 3
1737 2
1738 1
1739 0
1740 2
1741 0
1742 0
1743 0
1744 0
1745 0
1746 1
1747 1
1748 2
1749 1
1750 1
1751 1
1752 1
1753 2
1754 1
1755 1
1756 0
1757 0
1758 0
1759 1
1760 0
1761 0
1762 1
1763 0
1764 0
1765 1
1766 1
1767 0
1768 0
1769 0
1770 1
1771 1
1772 1
1773 1
1774 3
1775 0
1776 2
1777 0
1778 1
1779 0
1780 1
1781 0
1782 1
1783 0
1784 1
1785 2
1786 1
1787 0
1788 2
1789 0
1790 2
1791 1
1792 1
1793 0
1794 0
1795 0
1796 1
1797 0
1798 1
1799 1
1800 0
1801 0
1802 2
1803 2
1804 1
1805 0
1806 1
1807 2
1808 1
1809 0
1810 2
1811 1
1812 2
1813 0
1814 0
1815 0
1816 1
1817 0
1818 1
1819 0
1820 1
1821 0
1822 1
1823 1
1824 0
1825 0
1826 0
1827 2
1828 0
1829 2
1830 3
1831 0
1832 1
1833 0
1834 0
1835 0
1836 0
1837 1
1838 0
1839 0
1840 1
1841 1
1842 1
1843 0
1844 0
1845 0
1846 1
1847 0
1848 0
1849 0
1850 0
1851 0
1852 0
1853 0
1854 0
1855 1
1856 0
1857 0
1858 1
1859 0
1860 0
1861 0
1862 0
1863 1
1864 0
1865 0
1866 0
1867 0
1868 0
1869 0
1870 0
1871 0
1872 0
1873 0
1874 1
1875 0
1876 0
1877 0
1878 0
1879 0
1880 0
1881 0
1882 0
1883 0
1884 0
1885 0
1886 3
1887 0
1888 0
1889 1
1890 0
1891 0
1892 0
1893 1
1894 3
1895 0
1896 0
1897 0
1898 1
1899 0
1900 1
1901 0
1902 0
1903 0
1904 0
1905 0
1906 1
1907 1
1908 0
1909 1
1910 0
1911 0
1912 1
1913 0
1914 1
1915 1
1916 1
1917 1
1918 2
1919 2
1920 2
1921 0
1922 0
1923 2
1924 0
1925 0
1926 0
1927 0
1928 0
1929 0
1930 1
1931 0
1932 0
1933 0
1934 0
1935 0
1936 0
1937 0
1938 0
1939 0
1940 0
1941 0
1942 0
1943 0
1944 0
1945 0
1946 0
1947 1
1948 0
1949 0
1950 0
1951 2
1952 0
1953 1
1954 0
1955 1
1956 0
1957 0
1958 0
1959 0
1960 1
1961 0
1962 0
1963 0
1964 0
1965 0
1966 0
1967 0
1968 0
1969 0
1970 0
1971 0
1972 0
1973 0
1974 0
1975 1
1976 0
1977 0
1978 0
1979 1
1980 0
1981 0
1982 0
1983 0
1984 0
1985 0
1986 0
1987 1
1988 1
1989 0
1990 1
1991 0
1992 0
1993 0
1994 0
1995 0
1996 0
1997 1
1998 0
1999 0
2000 0
2001 0
2002 2
