0 20
1 23
2 22
3 17
4 21
5 16
6 23
7 25
8 9
9 31
10 19
11 30
12 27
13 23
14 24
15 20
16 26
17 22
18 21
19 18
20 22
21 17
22 21
23 19
24 25
25 17
26 25
27 25
28 13
29 31
30 25
31 25
32 16
33 23
34 21
35 20
36 23
37 27
38 20
39 26
40 23
41 22
42 11
43 19
44 16
45 21
46 24
47 22
48 18
49 22
50 15
51 24
52 25
53 15
54 27
55 29
56 22
57 28
58 10
59 13
60 28
61 20
62 28
63 24
64 19
65 24
66 18
67 20
68 21
69 17
70 22
71 17
72 26
73 23
74 17
75 31
76 17
77 13
78 24
79 15
80 20
81 27
82 22
83 22
84 28
85 28
86 32
87 19
88 17
89 25
90 21
91 24
92 21
93 18
94 23
95 26
96 16
97 15
98 30
99 24
100 30
101 19
102 29
103 21
104 26
105 22
106 22
107 24
108 24
109 18
110 19
111 24
112 15
113 18
114 21
115 29
116 24
117 17
118 24
119 21
120 23
121 25
122 32
123 26
124 18
125 28
126 28
127 26
128 23
129 21
130 17
131 32
132 24
133 22
134 28
135 20
136 20
137 25
138 22
139 22
140 26
141 28
142 14
143 21
144 17
145 23
146 26
147 22
148 22
149 19
150 21
151 18
152 27
153 22
154 25
155 27
156 13
157 27
158 28
159 13
160 15
161 19
162 22
163 17
164 16
165 20
166 17
167 18
168 18
169 18
170 19
171 25
172 17
173 23
174 19
175 17
176 15
177 25
178 20
179 19
180 27
181 14
182 20
183 21
184 24
185 21
186 26
187 32
188 22
189 27
190 19
191 30
192 22
193 22
194 23
195 19
196 30
197 15
198 24
199 22
200 22
201 21
202 23
203 22
204 14
205 22
206 18
207 24
208 16
209 24
210 25
211 26
212 22
213 20
214 22
215 24
216 19
217 17
218 20
219 24
220 27
221 21
222 17
223 20
224 20
225 16
226 22
227 22
228 30
229 19
230 20
231 25
232 23
233 34
234 28
235 31
236 24
237 16
238 33
239 14
240 29
241 18
242 32
243 25
244 22
245 33
246 25
247 29
248 25
249 28
250 14
251 20
252 22
253 32
254 26
255 19
256 20
257 24
258 22
259 22
260 29
261 22
262 18
263 22
264 18
265 19
266 16
267 20
268 24
269 27
270 19
271 15
272 21
273 19
274 23
275 32
276 18
277 30
278 14
279 15
280 24
281 30
282 23
283 23
284 19
285 13
286 22
287 16
288 31
289 24
290 19
291 16
292 25
293 13
294 19
295 17
296 20
297 19
298 22
299 23
300 21
301 26
302 19
303 19
304 27
305 25
306 22
307 25
308 25
309 21
310 21
311 14
312 22
313 21
314 21
315 23
316 20
317 27
318 24
319 23
320 19
321 25
322 21
323 19
324 18
325 24
326 15
327 26
328 26
329 24
330 21
331 29
332 20
333 29
334 23
335 24
336 24
337 18
338 24
339 24
340 25
341 24
342 31
343 20
344 18
345 27
346 21
347 28
348 20
349 23
350 31
351 20
352 15
353 26
354 20
355 22
356 29
357 16
358 28
359 17
360 21
361 27
362 21
363 22
364 19
365 28
366 18
367 24
368 21
369 18
370 23
371 31
372 18
373 22
374 20
375 26
376 15
377 17
378 27
379 18
380 15
381 21
382 24
383 19
384 27
385 19
386 28
387 23
388 20
389 22
390 27
391 22
392 28
393 26
394 28
395 20
396 21
397 35
398 26
399 27
400 30
401 23
402 18
403 33
404 22
405 26
406 26
407 23
408 19
409 26
410 21
411 21
412 19
413 34
414 19
415 26
416 26
417 28
418 25
419 23
420 27
421 22
422 20
423 21
424 32
425 27
426 25
427 14
428 24
429 27
430 21
431 29
432 26
433 21
434 24
435 25
436 28
437 21
438 29
439 28
440 24
441 14
442 29
443 29
444 18
445 29
446 24
447 26
448 20
449 31
450 27
451 27
452 24
453 16
454 23
455 22
456 20
457 19
458 18
459 15
460 28
461 27
462 21
463 17
464 24
465 31
466 24
467 26
468 30
469 27
470 26
471 23
472 26
473 18
474 23
475 21
476 28
477 21
478 36
479 20
480 27
481 26
482 29
483 24
484 20
485 23
486 25
487 30
488 30
489 25
490 26
491 20
492 22
493 14
494 15
495 16
496 26
497 26
498 27
499 21
500 21
501 19
502 25
503 23
504 26
505 27
506 20
507 21
508 17
509 22
510 18
511 22
512 27
513 27
514 23
515 23
516 25
517 23
518 30
519 23
520 27
521 22
522 32
523 20
524 28
525 15
526 18
527 27
528 23
529 18
530 20
531 25
532 24
533 20
534 28
535 25
536 22
537 14
538 15
539 16
540 20
541 24
542 29
543 19
544 26
545 33
546 24
547 22
548 26
549 21
550 23
551 23
552 33
553 21
554 23
555 20
556 31
557 18
558 13
559 28
560 25
561 27
562 20
563 20
564 26
565 22
566 22
567 32
568 23
569 39
570 19
571 23
572 24
573 21
574 16
575 26
576 23
577 33
578 20
579 20
580 25
581 22
582 26
583 26
584 19
585 27
586 23
587 26
588 18
589 17
590 21
591 22
592 14
593 21
594 17
595 14
596 28
597 21
598 25
599 26
600 29
601 20
602 24
603 26
604 24
605 18
606 20
607 27
608 22
609 21
610 21
611 25
612 17
613 31
614 18
615 25
616 21
617 19
618 19
619 15
620 16
621 27
622 20
623 16
624 21
625 31
626 25
627 14
628 25
629 20
630 20
631 24
632 29
633 27
634 25
635 23
636 23
637 15
638 19
639 23
640 19
641 22
642 25
643 27
644 24
645 13
646 34
647 18
648 17
649 23
650 22
651 25
652 19
653 25
654 17
655 18
656 21
657 21
658 28
659 17
660 22
661 22
662 29
663 16
664 25
665 25
666 22
667 23
668 24
669 28
670 25
671 22
672 14
673 20
674 21
675 22
676 28
677 25
678 20
679 19
680 19
681 28
682 29
683 37
684 25
685 18
686 19
687 20
688 25
689 24
690 23
691 20
692 26
693 26
694 21
695 22
696 22
697 31
698 17
699 20
700 20
701 26
702 20
703 27
704 28
705 25
706 26
707 34
708 26
709 13
710 18
711 24
712 20
713 19
714 26
715 28
716 26
717 24
718 28
719 27
720 26
721 23
722 22
723 14
724 18
725 26
726 20
727 25
728 23
729 21
730 20
731 25
732 19
733 29
734 27
735 23
736 26
737 19
738 24
739 25
740 16
741 25
742 29
743 28
744 25
745 15
746 24
747 20
748 26
749 28
750 22
751 22
752 24
753 21
754 21
755 29
756 15
757 24
758 19
759 25
760 17
761 24
762 28
763 28
764 18
765 23
766 22
767 29
768 26
769 25
770 17
771 28
772 25
773 17
774 20
775 20
776 19
777 29
778 15
779 23
780 32
781 19
782 17
783 23
784 25
785 27
786 23
787 25
788 30
789 29
790 22
791 20
792 29
793 22
794 19
795 18
796 23
797 24
798 23
799 16
800 21
801 12
802 24
803 26
804 23
805 26
806 21
807 20
808 12
809 27
810 18
811 14
812 20
813 26
814 30
815 22
816 20
817 23
818 19
819 20
820 24
821 28
822 19
823 17
824 21
825 27
826 30
827 22
828 22
829 19
830 26
831 20
832 25
833 15
834 25
835 17
836 17
837 24
838 31
839 20
840 31
841 18
842 14
843 31
844 19
845 29
846 23
847 24
848 27
849 23
850 23
851 24
852 15
853 25
854 21
855 27
856 22
857 25
858 24
859 13
860 21
861 20
862 22
863 39
864 26
865 22
866 24
867 22
868 20
869 22
870 30
871 31
872 18
873 23
874 20
875 20
876 27
877 16
878 20
879 21
880 23
881 19
882 13
883 26
884 37
885 22
886 16
887 30
888 27
889 21
890 26
891 26
892 23
893 21
894 19
895 30
896 31
897 26
898 24
899 22
900 21
901 23
902 29
903 17
904 20
905 21
906 21
907 27
908 22
909 20
910 27
911 16
912 20
913 23
914 21
915 22
916 21
917 21
918 25
919 21
920 20
921 31
922 19
923 20
924 24
925 21
926 23
927 25
928 32
929 26
930 19
931 28
932 22
933 18
934 16
935 22
936 23
937 15
938 22
939 22
940 27
941 22
942 25
943 19
944 20
945 31
946 15
947 20
948 38
949 16
950 33
951 13
952 24
953 19
954 24
955 31
956 21
957 23
958 22
959 24
960 33
961 17
962 24
963 14
964 16
965 22
966 13
967 22
968 22
969 29
970 20
971 24
972 12
973 23
974 22
975 23
976 24
977 21
978 23
979 18
980 24
981 17
982 17
983 24
984 21
985 20
986 19
987 23
988 24
989 26
990 25
991 26
992 27
993 19
994 21
995 25
996 32
997 24
998 21
999 24
1000 31
1001 23
1002 20
1003 28
1004 29
1005 21
1006 30
1007 17
1008 16
1009 25
1010 21
1011 20
1012 31
1013 29
1014 22
1015 25
1016 17
1017 21
1018 21
1019 27
1020 19
1021 25
1022 18
1023 20
1024 22
1025 25
1026 25
1027 30
1028 29
1029 26
1030 19
1031 24
1032 22
1033 15
1034 19
1035 25
1036 26
1037 21
1038 21
1039 23
1040 33
1041 13
1042 13
1043 21
1044 19
1045 14
1046 19
1047 24
1048 20
1049 23
1050 27
1051 24
1052 27
1053 26
1054 25
1055 18
1056 24
1057 25
1058 22
1059 21
1060 19
1061 19
1062 36
1063 19
1064 24
1065 18
1066 21
1067 22
1068 30
1069 22
1070 20
1071 26
1072 19
1073 21
1074 23
1075 30
1076 24
1077 23
1078 20
1079 23
1080 19
1081 24
1082 25
1083 22
1084 25
1085 26
1086 26
1087 19
1088 28
1089 20
1090 27
1091 25
1092 16
1093 18
1094 25
1095 31
1096 20
1097 22
1098 32
1099 25
1100 23
1101 29
1102 23
1103 26
1104 24
1105 22
1106 28
1107 23
1108 23
1109 15
1110 21
1111 20
1112 14
1113 23
1114 18
1115 17
1116 20
1117 28
1118 32
1119 23
1120 26
1121 24
1122 19
1123 30
1124 25
1125 26
1126 23
1127 31
1128 24
1129 21
1130 25
1131 18
1132 12
1133 20
1134 27
1135 21
1136 21
1137 21
1138 27
1139 20
1140 17
1141 34
1142 23
1143 20
1144 19
1145 28
1146 21
1147 27
1148 31
1149 22
1150 19
1151 18
1152 23
1153 18
1154 26
1155 15
1156 20
1157 21
1158 27
1159 15
1160 18
1161 34
1162 31
1163 18
1164 32
1165 20
1166 16
1167 30
1168 22
1169 15
1170 22
1171 17
1172 31
1173 24
1174 29
1175 22
1176 20
1177 34
1178 22
1179 17
1180 27
1181 24
1182 26
1183 24
1184 24
1185 21
1186 18
1187 20
1188 21
1189 22
1190 25
1191 20
1192 24
1193 19
1194 27
1195 19
1196 20
1197 19
1198 24
1199 22
1200 20
1201 26
1202 21
1203 18
1204 22
1205 19
1206 19
1207 22
1208 25
1209 15
1210 16
1211 30
1212 20
1213 29
1214 23
1215 22
1216 29
1217 28
1218 16
1219 20
1220 33
1221 17
1222 21
1223 21
1224 20
1225 20
1226 20
1227 22
1228 28
1229 26
1230 25
1231 18
1232 20
1233 20
1234 33
1235 17
1236 18
1237 24
1238 27
1239 13
1240 31
1241 25
1242 26
1243 18
1244 32
1245 28
1246 39
1247 19
1248 21
1249 29
1250 21
1251 19
1252 24
1253 28
1254 28
1255 19
1256 17
1257 21
1258 27
1259 20
1260 24
1261 20
1262 28
1263 29
1264 23
1265 20
1266 23
1267 18
1268 20
1269 24
1270 12
1271 25
1272 25
1273 29
1274 27
1275 28
1276 23
1277 21
1278 18
1279 14
1280 24
1281 20
1282 22
1283 32
1284 23
1285 22
1286 18
1287 24
1288 28
1289 25
1290 23
1291 22
1292 24
1293 20
1294 25
1295 24
1296 17
1297 29
1298 24
1299 23
1300 25
1301 17
1302 19
1303 19
1304 23
1305 25
1306 19
1307 14
1308 24
1309 20
1310 28
1311 29
1312 20
1313 22
1314 16
1315 20
1316 18
1317 18
1318 19
1319 29
1320 25
1321 24
1322 18
1323 20
1324 17
1325 16
1326 26
1327 30
1328 28
1329 21
1330 23
1331 24
1332 31
1333 24
1334 21
1335 21
1336 20
1337 19
1338 21
1339 21
1340 28
1341 22
1342 22
1343 13
1344 27
1345 28
1346 22
1347 25
1348 21
1349 24
1350 23
1351 25
1352 26
1353 25
1354 31
1355 18
1356 23
1357 28
1358 34
1359 19
1360 23
1361 25
1362 18
1363 16
1364 23
1365 28
1366 28
1367 20
1368 17
1369 25
1370 21
1371 32
1372 35
1373 27
1374 30
1375 20
1376 28
1377 29
1378 19
1379 30
1380 24
1381 22
1382 19
1383 24
1384 18
1385 23
1386 25
1387 25
1388 23
1389 21
1390 21
1391 29
1392 29
1393 21
1394 24
1395 30
1396 23
1397 20
1398 24
1399 6
1400 23
1401 18
1402 21
1403 32
1404 22
1405 20
1406 31
1407 24
1408 22
1409 26
1410 21
1411 22
1412 27
1413 24
1414 26
1415 19
1416 22
1417 17
1418 22
1419 26
1420 28
1421 25
1422 30
1423 19
1424 26
1425 28
1426 27
1427 20
1428 19
1429 24
1430 22
1431 23
1432 16
1433 25
1434 21
1435 23
1436 16
1437 33
1438 25
1439 13
1440 13
1441 29
1442 15
1443 25
1444 30
1445 27
1446 18
1447 18
1448 18
1449 22
1450 18
1451 17
1452 25
1453 17
1454 36
1455 21
1456 30
1457 24
1458 21
1459 23
1460 34
1461 33
1462 25
1463 14
1464 22
1465 24
1466 29
1467 36
1468 25
1469 24
1470 21
1471 14
1472 19
1473 20
1474 13
1475 31
1476 31
1477 20
1478 25
1479 26
1480 23
1481 23
1482 18
1483 26
1484 21
1485 18
1486 21
1487 24
1488 25
1489 25
1490 20
1491 16
1492 20
1493 29
1494 21
1495 23
1496 20
1497 20
1498 19
1499 25
1500 19
1501 24
1502 18
1503 13
1504 22
1505 29
1506 21
1507 17
1508 19
1509 21
1510 24
1511 22
1512 22
1513 19
1514 25
1515 18
1516 19
1517 21
1518 31
1519 24
1520 20
1521 28
1522 18
1523 17
1524 27
1525 13
1526 25
1527 20
1528 20
1529 27
1530 21
1531 17
1532 19
1533 16
1534 22
1535 26
1536 31
1537 28
1538 25
1539 10
1540 16
1541 24
1542 31
1543 24
1544 21
1545 22
1546 23
1547 19
1548 23
1549 30
1550 23
1551 27
1552 19
1553 23
1554 21
1555 32
1556 14
1557 13
1558 24
1559 17
1560 24
1561 23
1562 30
1563 23
1564 23
1565 21
1566 22
1567 20
1568 14
1569 15
1570 27
1571 22
1572 22
1573 29
1574 23
1575 28
1576 25
1577 24
1578 17
1579 18
1580 22
1581 25
1582 27
1583 22
1584 25
1585 22
1586 19
1587 24
1588 12
1589 18
1590 19
1591 23
1592 29
1593 19
1594 16
1595 20
1596 30
1597 17
1598 32
1599 25
1600 27
1601 30
1602 28
1603 23
1604 24
1605 27
1606 28
1607 26
1608 14
1609 27
1610 25
1611 22
1612 21
1613 23
1614 23
1615 19
1616 20
1617 26
1618 18
1619 11
1620 26
1621 23
1622 28
1623 22
1624 38
1625 23
1626 16
1627 19
1628 15
1629 25
1630 21
1631 17
1632 22
1633 22
1634 18
1635 24
1636 25
1637 19
1638 27
1639 28
1640 31
1641 16
1642 25
1643 26
1644 25
1645 17
1646 23
1647 18
1648 22
1649 17
1650 26
1651 24
1652 24
1653 19
1654 21
1655 28
1656 26
1657 25
1658 23
1659 22
1660 23
1661 26
1662 16
1663 26
1664 29
1665 22
1666 16
1667 20
1668 27
1669 22
1670 20
1671 18
1672 21
1673 16
1674 21
1675 24
1676 18
1677 16
1678 24
1679 21
1680 22
1681 22
1682 29
1683 16
1684 31
1685 29
1686 18
1687 26
1688 19
1689 10
1690 27
1691 23
1692 26
1693 24
1694 25
1695 22
1696 24
1697 22
1698 19
1699 27
1700 27
1701 34
1702 17
1703 18
1704 26
1705 14
1706 19
1707 16
1708 21
1709 27
1710 21
1711 23
1712 30
1713 25
1714 22
1715 27
1716 24
1717 22
1718 25
1719 20
1720 25
1721 30
1722 23
1723 21
1724 19
1725 19
1726 25
1727 29
1728 24
1729 16
1730 28
1731 16
1732 22
1733 27
1734 17
1735 36
1736 22
1737 31
1738 25
1739 24
1740 24
1741 24
1742 17
1743 14
1744 17
1745 29
1746 22
1747 34
1748 17
1749 32
1750 25
1751 23
1752 19
1753 16
1754 24
1755 17
1756 15
1757 14
1758 16
1759 27
1760 24
1761 20
1762 27
1763 28
1764 14
1765 22
1766 23
1767 22
1768 21
1769 17
1770 27
1771 19
1772 32
1773 30
1774 22
1775 17
1776 29
1777 29
1778 19
1779 19
1780 25
1781 13
1782 21
1783 20
1784 23
1785 20
1786 31
1787 32
1788 18
1789 25
1790 28
1791 22
1792 30
1793 19
1794 26
1795 15
1796 28
1797 18
1798 27
1799 27
1800 21
1801 22
1802 25
1803 23
1804 28
1805 35
1806 27
1807 22
1808 16
1809 27
1810 21
1811 24
1812 27
1813 26
1814 22
1815 19
1816 23
1817 19
1818 27
1819 16
1820 20
1821 24
1822 31
1823 28
1824 31
1825 23
1826 18
1827 22
1828 27
1829 25
1830 19
1831 15
1832 24
1833 19
1834 18
1835 28
1836 28
1837 19
1838 16
1839 22
1840 16
1841 17
1842 19
1843 17
1844 27
1845 22
1846 24
1847 23
1848 32
1849 34
1850 22
1851 24
1852 28
1853 24
1854 23
1855 24
1856 22
1857 27
1858 22
1859 26
1860 25
1861 19
1862 25
1863 19
1864 21
1865 21
1866 18
1867 13
1868 21
1869 15
1870 20
1871 27
1872 20
1873 28
1874 22
1875 29
1876 22
1877 28
1878 23
1879 18
1880 17
1881 23
1882 24
1883 17
1884 28
1885 23
1886 25
1887 26
1888 20
1889 19
1890 25
1891 27
1892 22
1893 22
1894 44
1895 24
1896 31
1897 24
1898 26
1899 24
1900 19
1901 16
1902 29
1903 25
1904 27
1905 20
1906 18
1907 27
1908 17
1909 20
1910 15
1911 20
1912 17
1913 28
1914 22
1915 17
1916 24
1917 20
1918 20
1919 25
1920 33
1921 23
1922 25
1923 22
1924 17
1925 22
1926 27
1927 28
1928 19
1929 21
1930 17
1931 17
1932 15
1933 18
1934 22
1935 30
1936 23
1937 18
1938 23
1939 31
1940 26
1941 25
1942 26
1943 31
1944 23
1945 32
1946 22
1947 15
1948 22
1949 15
1950 25
1951 27
1952 22
1953 25
1954 18
1955 28
1956 20
1957 27
1958 25
1959 26
1960 25
1961 18
1962 21
1963 23
1964 21
1965 31
1966 19
1967 18
1968 18
1969 21
1970 20
1971 18
1972 19
1973 21
1974 26
1975 11
1976 26
1977 19
1978 29
1979 24
1980 25
1981 22
1982 24
1983 16
1984 19
1985 20
1986 22
1987 23
1988 17
1989 20
1990 22
1991 19
1992 22
1993 28
1994 20
1995 25
1996 35
1997 15
1998 18
1999 25
2000 18
2001 20
2002 23
